297
-635
677
863
-883
-661
116
-956
413
-262
-208
-954
-102
657
632
-509
756
758
792
30
-520
611
664
-188
-84
-410
-290
670
-579
927
-705
483
27
209
981
-998
544
794
-487
445
423
-919
633
-869
-45
804
333
299
-839
550
-75
90
679
889
677
-996
-551
838
-759
972
410
-155
566
-860
858
484
423
-967
409
225
186
272
-117
754
202
61
-862
-843
228
62
199
878
-672
216
-539
41
425
-981
-764
990
-283
897
-27
467
824
360
302
-165
-441
678
